1 , 79 , 123310 , 1
2 , 21 , 23122 , 3
3 , 79 , 74680 , 1
4 , 96 , 10760 , 3
5 , 9 , 50098 , 1
6 , 24 , 58268 , 3
7 , 85 , 71951 , 1
8 , 54 , 124369 , 3
9 , 13 , 73924 , 3
10 , 60 , 77773 , 3
11 , 93 , 123689 , 4
12 , 68 , 134576 , 4
13 , 14 , 14659 , 1
14 , 72 , 130351 , 4
15 , 46 , 130671 , 3
16 , 71 , 122101 , 4
17 , 21 , 126127 , 3
18 , 58 , 29357 , 1
19 , 45 , 2642 , 4
20 , 27 , 122411 , 4
21 , 82 , 105097 , 3
22 , 42 , 22202 , 1
23 , 12 , 32014 , 1
24 , 67 , 88178 , 2
25 , 85 , 83353 , 2
26 , 94 , 6526 , 4
27 , 55 , 54676 , 3
28 , 87 , 35686 , 1
29 , 94 , 46293 , 1
30 , 75 , 94020 , 2
31 , 47 , 9933 , 2
32 , 26 , 114732 , 3
33 , 38 , 52448 , 2
34 , 83 , 149651 , 2
35 , 54 , 89802 , 3
36 , 22 , 57998 , 3
37 , 99 , 67279 , 4
38 , 10 , 55435 , 3
39 , 6 , 82811 , 2
40 , 10 , 117010 , 3
41 , 51 , 17261 , 1
42 , 36 , 97281 , 4
43 , 90 , 33126 , 2
44 , 26 , 140801 , 4
45 , 30 , 118226 , 2
46 , 43 , 30300 , 3
47 , 11 , 28342 , 1
48 , 77 , 50666 , 4
49 , 84 , 32219 , 1
50 , 19 , 34836 , 2
51 , 81 , 43415 , 1
52 , 71 , 2800 , 3
53 , 61 , 81946 , 2
54 , 8 , 148619 , 3
55 , 32 , 78230 , 3
56 , 73 , 12043 , 1
57 , 56 , 31560 , 2
58 , 65 , 13488 , 4
59 , 31 , 9304 , 1
60 , 27 , 62446 , 3
61 , 29 , 142806 , 1
62 , 86 , 139530 , 1
63 , 39 , 76344 , 2
64 , 47 , 146551 , 4
65 , 63 , 4466 , 4
66 , 11 , 32924 , 2
67 , 71 , 102771 , 1
68 , 14 , 126066 , 4
69 , 48 , 120961 , 4
70 , 12 , 120681 , 2
71 , 76 , 102372 , 3
72 , 41 , 88928 , 2
73 , 57 , 119661 , 4
74 , 9 , 33879 , 3
75 , 79 , 109356 , 2
76 , 55 , 7456 , 1
77 , 68 , 21144 , 2
78 , 33 , 135228 , 1
79 , 1 , 44470 , 4
80 , 3 , 95709 , 3
81 , 61 , 64488 , 1
82 , 34 , 49257 , 4
83 , 38 , 58237 , 1
84 , 97 , 56065 , 4
85 , 98 , 72366 , 1
86 , 93 , 4736 , 3
87 , 94 , 34617 , 1
88 , 81 , 128125 , 3
89 , 12 , 88133 , 4
90 , 97 , 47361 , 2
91 , 85 , 57758 , 4
92 , 43 , 128357 , 3
93 , 99 , 17901 , 4
94 , 53 , 110835 , 1
95 , 7 , 80942 , 1
96 , 72 , 39904 , 4
97 , 80 , 10302 , 4
98 , 47 , 38382 , 3
99 , 32 , 108360 , 4
100 , 36 , 81386 , 1
101 , 93 , 7906 , 2
102 , 61 , 71210 , 3
103 , 4 , 53080 , 2
104 , 47 , 80406 , 3
105 , 29 , 94322 , 3
106 , 42 , 126902 , 2
107 , 47 , 6133 , 4
108 , 0 , 87666 , 2
109 , 65 , 141466 , 2
110 , 94 , 149142 , 3
111 , 93 , 55772 , 3
112 , 78 , 87408 , 4
113 , 97 , 20173 , 2
114 , 18 , 123789 , 1
115 , 56 , 149274 , 1
116 , 50 , 54821 , 1
117 , 50 , 126805 , 3
118 , 46 , 93469 , 2
119 , 15 , 22169 , 2
120 , 39 , 80991 , 2
121 , 15 , 51890 , 4
122 , 14 , 49616 , 4
123 , 96 , 54741 , 4
124 , 31 , 28040 , 3
125 , 8 , 18135 , 2
126 , 0 , 46146 , 2
127 , 85 , 6186 , 2
128 , 37 , 32308 , 1
129 , 91 , 78552 , 3
130 , 48 , 54935 , 3
131 , 70 , 68503 , 2
132 , 69 , 113857 , 3
133 , 40 , 73607 , 4
134 , 75 , 146879 , 4
135 , 83 , 14458 , 4
136 , 64 , 63729 , 2
137 , 75 , 116379 , 1
138 , 83 , 46428 , 1
139 , 19 , 57282 , 3
140 , 30 , 3975 , 2
141 , 30 , 95058 , 3
142 , 10 , 32951 , 4
143 , 23 , 56931 , 2
144 , 9 , 6523 , 2
145 , 30 , 14129 , 2
146 , 26 , 25734 , 4
147 , 12 , 23521 , 1
148 , 3 , 96438 , 3
149 , 19 , 45362 , 4
150 , 96 , 42169 , 2
151 , 72 , 107344 , 2
152 , 11 , 133241 , 2
153 , 66 , 103192 , 4
154 , 97 , 125526 , 1
155 , 85 , 78217 , 2
156 , 49 , 83012 , 3
157 , 71 , 95709 , 4
158 , 39 , 29353 , 2
159 , 0 , 46477 , 4
160 , 87 , 67165 , 3
161 , 81 , 33824 , 4
162 , 40 , 34620 , 1
163 , 68 , 702 , 4
164 , 99 , 58379 , 3
165 , 64 , 57086 , 3
166 , 14 , 25028 , 1
167 , 7 , 15594 , 2
168 , 40 , 95742 , 4
169 , 44 , 131040 , 1
170 , 56 , 132187 , 2
171 , 31 , 141333 , 2
172 , 15 , 107082 , 1
173 , 50 , 131422 , 1
174 , 94 , 43919 , 2
175 , 85 , 106181 , 1
176 , 50 , 108157 , 2
177 , 83 , 105211 , 2
178 , 96 , 24208 , 1
179 , 24 , 126632 , 2
180 , 39 , 55333 , 3
181 , 43 , 124520 , 2
182 , 37 , 87955 , 4
183 , 98 , 98057 , 1
184 , 49 , 114853 , 3
185 , 28 , 1019 , 3
186 , 74 , 110534 , 3
187 , 10 , 146488 , 4
188 , 82 , 39573 , 3
189 , 78 , 149302 , 4
190 , 33 , 28899 , 2
191 , 49 , 12365 , 2
192 , 16 , 133607 , 3
193 , 32 , 122044 , 2
194 , 62 , 57993 , 3
195 , 16 , 5765 , 3
196 , 92 , 111240 , 1
197 , 68 , 83867 , 1
198 , 71 , 99039 , 2
199 , 86 , 38194 , 4
200 , 20 , 116081 , 4
201 , 71 , 80406 , 4
202 , 58 , 11964 , 1
203 , 98 , 98285 , 2
204 , 85 , 139443 , 4
205 , 52 , 61941 , 1
206 , 32 , 106484 , 4
207 , 72 , 62634 , 4
208 , 14 , 144467 , 2
209 , 13 , 9961 , 2
210 , 72 , 109170 , 3
211 , 38 , 120278 , 4
212 , 89 , 43862 , 2
213 , 18 , 87569 , 3
214 , 72 , 84425 , 3
215 , 16 , 126573 , 3
216 , 14 , 31429 , 4
217 , 41 , 53501 , 2
218 , 5 , 33420 , 1
219 , 86 , 141785 , 4
220 , 2 , 15023 , 4
221 , 42 , 92890 , 1
222 , 62 , 39103 , 4
223 , 80 , 44387 , 1
224 , 84 , 109831 , 3
225 , 93 , 92858 , 4
226 , 40 , 78281 , 2
227 , 76 , 35488 , 4
228 , 94 , 71373 , 1
229 , 95 , 109059 , 1
230 , 25 , 134019 , 4
231 , 69 , 32283 , 1
232 , 41 , 70784 , 4
233 , 96 , 16011 , 2
234 , 33 , 64502 , 4
235 , 30 , 32947 , 1
236 , 19 , 24751 , 4
237 , 42 , 93646 , 2
238 , 50 , 130163 , 1
239 , 13 , 113618 , 1
240 , 55 , 38045 , 3
241 , 50 , 53110 , 2
242 , 23 , 28398 , 1
243 , 2 , 54980 , 1
244 , 66 , 68766 , 1
245 , 87 , 79107 , 4
246 , 13 , 125423 , 1
247 , 25 , 103712 , 2
248 , 96 , 5514 , 2
249 , 6 , 113504 , 4
250 , 63 , 11333 , 2
251 , 65 , 42421 , 1
252 , 42 , 31130 , 2
253 , 70 , 122486 , 4
254 , 66 , 12730 , 1
255 , 22 , 30616 , 4
256 , 0 , 139517 , 4
257 , 14 , 101964 , 4
258 , 97 , 55503 , 3
259 , 59 , 149720 , 3
260 , 76 , 99837 , 4
261 , 59 , 60009 , 1
262 , 30 , 7186 , 1
263 , 2 , 28654 , 1
264 , 57 , 116209 , 3
265 , 40 , 75946 , 3
266 , 14 , 70443 , 4
267 , 92 , 149567 , 4
268 , 96 , 15802 , 2
269 , 74 , 88330 , 2
270 , 19 , 110190 , 1
271 , 13 , 76254 , 3
272 , 14 , 108861 , 3
273 , 0 , 35771 , 1
274 , 96 , 81021 , 2
275 , 71 , 57001 , 2
276 , 53 , 28468 , 3
277 , 36 , 73545 , 3
278 , 52 , 95906 , 3
279 , 52 , 106870 , 4
280 , 48 , 145081 , 3
281 , 52 , 15909 , 2
282 , 24 , 59653 , 1
283 , 86 , 55768 , 4
284 , 6 , 145522 , 3
285 , 8 , 45985 , 1
286 , 83 , 116605 , 3
287 , 29 , 61629 , 2
288 , 9 , 144109 , 1
289 , 82 , 29059 , 2
290 , 26 , 97519 , 2
291 , 30 , 30982 , 2
292 , 17 , 98961 , 2
293 , 12 , 22956 , 4
294 , 91 , 111370 , 4
295 , 98 , 99808 , 2
296 , 57 , 8318 , 2
297 , 6 , 142996 , 2
298 , 75 , 83387 , 4
299 , 56 , 107444 , 4
300 , 44 , 12197 , 4
301 , 4 , 96469 , 2
302 , 89 , 3449 , 4
303 , 77 , 58746 , 4
304 , 55 , 52669 , 1
305 , 58 , 64923 , 4
306 , 69 , 57093 , 3
307 , 18 , 46663 , 3
308 , 36 , 89873 , 4
309 , 59 , 37668 , 3
310 , 59 , 64603 , 4
311 , 26 , 16264 , 2
312 , 71 , 60481 , 1
313 , 71 , 68597 , 4
314 , 1 , 105433 , 3
315 , 33 , 94471 , 2
316 , 97 , 74647 , 4
317 , 51 , 131274 , 1
318 , 74 , 27981 , 3
319 , 27 , 78519 , 2
320 , 80 , 64257 , 2
321 , 68 , 93222 , 2
322 , 22 , 140915 , 4
323 , 73 , 16206 , 3
324 , 52 , 96411 , 3
325 , 39 , 107594 , 1
326 , 33 , 60110 , 2
327 , 39 , 73115 , 4
328 , 32 , 21540 , 2
329 , 26 , 53837 , 1
330 , 19 , 63094 , 2
331 , 26 , 12718 , 3
332 , 45 , 114400 , 3
333 , 53 , 121817 , 4
334 , 28 , 95499 , 1
335 , 30 , 123963 , 3
336 , 45 , 125694 , 3
337 , 2 , 129701 , 4
338 , 85 , 98212 , 3
339 , 38 , 45111 , 1
340 , 79 , 102190 , 3
341 , 50 , 59658 , 2
342 , 36 , 19335 , 3
343 , 81 , 38191 , 1
344 , 88 , 110443 , 2
345 , 2 , 148694 , 4
346 , 82 , 139073 , 4
347 , 99 , 61193 , 4
348 , 4 , 90635 , 3
349 , 8 , 98435 , 2
350 , 62 , 112394 , 2
351 , 12 , 96189 , 4
352 , 51 , 15236 , 4
353 , 45 , 142932 , 2
354 , 71 , 2167 , 1
355 , 98 , 73546 , 3
356 , 97 , 108000 , 2
357 , 89 , 126419 , 2
358 , 86 , 58518 , 1
359 , 32 , 12396 , 4
360 , 95 , 31917 , 1
361 , 82 , 132758 , 4
362 , 63 , 99875 , 2
363 , 53 , 60925 , 4
364 , 37 , 2679 , 3
365 , 87 , 143465 , 2
366 , 16 , 53416 , 1
367 , 98 , 140733 , 1
368 , 57 , 34288 , 2
369 , 51 , 112014 , 4
370 , 55 , 50275 , 3
371 , 83 , 122516 , 3
372 , 94 , 110357 , 3
373 , 96 , 84939 , 2
374 , 98 , 24916 , 3
375 , 39 , 102034 , 3
376 , 33 , 14553 , 4
377 , 98 , 99976 , 1
378 , 11 , 83363 , 3
379 , 32 , 49252 , 1
380 , 76 , 43363 , 1
381 , 82 , 97573 , 2
382 , 64 , 6999 , 4
383 , 92 , 89678 , 1
384 , 71 , 22954 , 3
385 , 64 , 7044 , 4
386 , 32 , 141141 , 4
387 , 19 , 2416 , 2
388 , 59 , 6405 , 1
389 , 92 , 53715 , 2
390 , 76 , 55750 , 1
391 , 14 , 122221 , 3
392 , 68 , 8295 , 4
393 , 93 , 47815 , 2
394 , 66 , 27392 , 2
395 , 9 , 30047 , 4
396 , 87 , 32890 , 3
397 , 94 , 15653 , 2
398 , 80 , 15523 , 1
399 , 78 , 42837 , 3
400 , 11 , 148548 , 4
401 , 39 , 147697 , 2
402 , 29 , 95283 , 3
403 , 6 , 12056 , 3
404 , 46 , 105488 , 1
405 , 14 , 130989 , 3
406 , 47 , 7244 , 1
407 , 13 , 51602 , 4
408 , 4 , 7010 , 2
409 , 44 , 66472 , 1
410 , 90 , 48961 , 4
411 , 55 , 24527 , 4
412 , 70 , 102673 , 3
413 , 98 , 124808 , 2
414 , 54 , 90122 , 3
415 , 69 , 33600 , 2
416 , 64 , 20920 , 3
417 , 22 , 100052 , 1
418 , 72 , 85335 , 2
419 , 81 , 28645 , 4
420 , 87 , 14133 , 1
421 , 4 , 145118 , 3
422 , 65 , 49680 , 3
423 , 57 , 66454 , 1
424 , 76 , 98921 , 2
425 , 90 , 78624 , 4
426 , 99 , 111781 , 4
427 , 10 , 142451 , 2
428 , 42 , 100683 , 2
429 , 33 , 77642 , 1
430 , 90 , 40505 , 4
431 , 36 , 7397 , 1
432 , 90 , 29634 , 2
433 , 23 , 63743 , 4
434 , 50 , 65864 , 2
435 , 62 , 100996 , 2
436 , 64 , 36272 , 4
437 , 43 , 61898 , 4
438 , 82 , 56348 , 1
439 , 87 , 8635 , 2
440 , 56 , 68799 , 2
441 , 81 , 64622 , 3
442 , 21 , 6713 , 2
443 , 30 , 142108 , 1
444 , 59 , 75865 , 1
445 , 40 , 80698 , 1
446 , 33 , 109230 , 4
447 , 96 , 118473 , 3
448 , 64 , 61178 , 2
449 , 85 , 50072 , 4
450 , 32 , 139175 , 4
451 , 76 , 113919 , 3
452 , 6 , 94838 , 3
453 , 28 , 43876 , 1
454 , 49 , 34438 , 3
455 , 50 , 27405 , 4
456 , 73 , 132984 , 3
457 , 43 , 64472 , 4
458 , 10 , 108735 , 1
459 , 81 , 134441 , 2
460 , 73 , 133965 , 4
461 , 97 , 43456 , 4
462 , 86 , 105967 , 4
463 , 98 , 83429 , 4
464 , 21 , 40143 , 3
465 , 55 , 136845 , 4
466 , 6 , 127356 , 3
467 , 26 , 113845 , 3
468 , 99 , 108444 , 2
469 , 23 , 16251 , 2
470 , 41 , 33741 , 1
471 , 41 , 101056 , 2
472 , 72 , 81171 , 2
473 , 70 , 7387 , 2
474 , 27 , 67085 , 1
475 , 37 , 91814 , 4
476 , 62 , 699 , 4
477 , 63 , 88257 , 2
478 , 53 , 52217 , 1
479 , 47 , 2841 , 2
480 , 42 , 98166 , 4
481 , 75 , 71455 , 1
482 , 45 , 88176 , 2
483 , 62 , 28613 , 1
484 , 57 , 6042 , 2
485 , 60 , 40931 , 4
486 , 44 , 11742 , 2
487 , 80 , 105479 , 1
488 , 5 , 77696 , 3
489 , 99 , 24501 , 4
490 , 15 , 74224 , 4
491 , 56 , 114060 , 2
492 , 46 , 48573 , 4
493 , 98 , 137583 , 1
494 , 16 , 84458 , 3
495 , 64 , 76253 , 4
496 , 32 , 7890 , 4
497 , 92 , 125345 , 1
498 , 35 , 125780 , 3
499 , 90 , 140439 , 2
500 , 69 , 116643 , 1
501 , 39 , 61682 , 3
502 , 43 , 126799 , 1
503 , 28 , 17645 , 1
504 , 8 , 1898 , 3
505 , 66 , 98764 , 3
506 , 60 , 114179 , 3
507 , 64 , 58618 , 3
508 , 64 , 21838 , 4
509 , 76 , 95123 , 3
510 , 18 , 30546 , 1
511 , 50 , 122439 , 4
512 , 12 , 38539 , 2
513 , 49 , 60486 , 3
514 , 37 , 39571 , 2
515 , 50 , 10156 , 2
516 , 40 , 6975 , 1
517 , 55 , 84199 , 3
518 , 58 , 1538 , 2
519 , 25 , 42614 , 4
520 , 80 , 104431 , 4
521 , 10 , 133863 , 3
522 , 85 , 109072 , 3
523 , 84 , 134535 , 4
524 , 61 , 12348 , 2
525 , 2 , 148201 , 2
526 , 49 , 95967 , 4
527 , 2 , 61764 , 3
528 , 2 , 87900 , 1
529 , 33 , 118835 , 1
530 , 43 , 44805 , 1
531 , 98 , 68570 , 3
532 , 77 , 79637 , 3
533 , 61 , 17813 , 4
534 , 65 , 23629 , 4
535 , 84 , 9635 , 1
536 , 50 , 1616 , 1
537 , 35 , 22959 , 2
538 , 17 , 95372 , 4
539 , 82 , 32389 , 2
540 , 47 , 81820 , 2
541 , 60 , 45416 , 3
542 , 3 , 53405 , 1
543 , 6 , 78485 , 3
544 , 12 , 144567 , 4
545 , 67 , 134434 , 3
546 , 7 , 120289 , 3
547 , 60 , 49571 , 3
548 , 40 , 107916 , 2
549 , 48 , 7957 , 1
550 , 85 , 29156 , 3
551 , 80 , 111290 , 2
552 , 89 , 36359 , 2
553 , 19 , 57453 , 4
554 , 52 , 60534 , 3
555 , 11 , 52838 , 1
556 , 38 , 135865 , 4
557 , 62 , 117490 , 2
558 , 14 , 6834 , 2
559 , 2 , 65952 , 1
560 , 13 , 90602 , 2
561 , 69 , 130611 , 3
562 , 28 , 126923 , 1
563 , 83 , 136812 , 1
564 , 47 , 38108 , 3
565 , 63 , 147441 , 3
566 , 29 , 46556 , 1
567 , 22 , 41673 , 2
568 , 4 , 147613 , 1
569 , 88 , 86842 , 4
570 , 52 , 83674 , 2
571 , 93 , 78133 , 2
572 , 92 , 52573 , 1
573 , 98 , 118588 , 4
574 , 99 , 64657 , 1
575 , 53 , 59920 , 4
576 , 45 , 43233 , 1
577 , 45 , 24764 , 1
578 , 12 , 50085 , 3
579 , 42 , 2298 , 3
580 , 37 , 125666 , 4
581 , 16 , 22141 , 4
582 , 6 , 31941 , 1
583 , 61 , 10668 , 2
584 , 80 , 116800 , 3
585 , 2 , 65002 , 1
586 , 61 , 29461 , 1
587 , 15 , 112519 , 3
588 , 9 , 46786 , 3
589 , 82 , 64448 , 2
590 , 2 , 65111 , 4
591 , 13 , 113446 , 1
592 , 12 , 74315 , 4
593 , 19 , 117927 , 1
594 , 96 , 6614 , 1
595 , 18 , 8109 , 1
596 , 5 , 6653 , 1
597 , 30 , 146372 , 2
598 , 32 , 114223 , 2
599 , 10 , 135503 , 4
600 , 35 , 138130 , 4
601 , 17 , 37814 , 4
602 , 41 , 118943 , 4
603 , 91 , 44430 , 3
604 , 86 , 12098 , 2
605 , 81 , 23632 , 4
606 , 14 , 23438 , 4
607 , 0 , 15061 , 2
608 , 32 , 56232 , 2
609 , 14 , 101816 , 3
610 , 25 , 31501 , 2
611 , 94 , 88278 , 2
612 , 46 , 71482 , 3
613 , 68 , 71089 , 3
614 , 52 , 62857 , 3
615 , 86 , 60051 , 1
616 , 23 , 107860 , 2
617 , 53 , 138193 , 2
618 , 13 , 35130 , 1
619 , 72 , 4857 , 1
620 , 70 , 100839 , 3
621 , 0 , 149770 , 3
622 , 2 , 28131 , 4
623 , 4 , 90175 , 4
624 , 37 , 89217 , 3
625 , 40 , 162 , 4
626 , 11 , 5590 , 3
627 , 53 , 6308 , 1
628 , 11 , 63431 , 3
629 , 78 , 73069 , 1
630 , 17 , 145519 , 2
631 , 19 , 104254 , 4
632 , 45 , 8757 , 2
633 , 96 , 194 , 1
634 , 47 , 51049 , 3
635 , 65 , 137549 , 3
636 , 24 , 60533 , 2
637 , 64 , 146814 , 3
638 , 2 , 79536 , 1
639 , 59 , 65458 , 3
640 , 53 , 74817 , 4
641 , 73 , 147781 , 3
642 , 85 , 128891 , 2
643 , 1 , 71662 , 4
644 , 78 , 41075 , 2
645 , 71 , 49896 , 1
646 , 80 , 68403 , 2
647 , 13 , 47043 , 1
648 , 93 , 53956 , 3
649 , 80 , 54305 , 1
650 , 97 , 28693 , 3
651 , 52 , 85028 , 4
652 , 11 , 145928 , 1
653 , 38 , 58714 , 2
654 , 39 , 71933 , 1
655 , 29 , 76524 , 2
656 , 18 , 7798 , 4
657 , 37 , 65309 , 1
658 , 94 , 124168 , 3
659 , 9 , 54035 , 4
660 , 22 , 22700 , 3
661 , 52 , 103767 , 3
662 , 81 , 55420 , 2
663 , 67 , 29770 , 2
664 , 50 , 138408 , 1
665 , 60 , 66317 , 2
666 , 80 , 148981 , 2
667 , 80 , 40577 , 3
668 , 48 , 63397 , 2
669 , 20 , 114614 , 4
670 , 33 , 46409 , 3
671 , 23 , 50017 , 4
672 , 23 , 121523 , 4
673 , 80 , 118838 , 1
674 , 14 , 120049 , 4
675 , 11 , 99952 , 4
676 , 63 , 128560 , 1
677 , 96 , 88298 , 4
678 , 27 , 38993 , 4
679 , 73 , 75994 , 2
680 , 68 , 119999 , 1
681 , 90 , 75205 , 1
682 , 33 , 104263 , 3
683 , 12 , 41513 , 2
684 , 41 , 133218 , 3
685 , 76 , 24265 , 3
686 , 97 , 65076 , 3
687 , 82 , 3120 , 4
688 , 5 , 32943 , 3
689 , 95 , 111994 , 4
690 , 65 , 70562 , 3
691 , 79 , 131560 , 3
692 , 46 , 88536 , 3
693 , 60 , 143873 , 3
694 , 14 , 136407 , 4
695 , 4 , 141381 , 4
696 , 56 , 94665 , 2
697 , 25 , 24540 , 1
698 , 22 , 114761 , 2
699 , 13 , 46246 , 1
700 , 44 , 49737 , 1
701 , 49 , 6761 , 3
702 , 58 , 141212 , 4
703 , 63 , 88927 , 2
704 , 85 , 30936 , 1
705 , 25 , 24976 , 2
706 , 79 , 83555 , 2
707 , 47 , 127845 , 4
708 , 7 , 15985 , 4
709 , 53 , 87157 , 1
710 , 66 , 32007 , 1
711 , 12 , 122591 , 3
712 , 97 , 98131 , 2
713 , 55 , 72341 , 4
714 , 95 , 143870 , 3
715 , 94 , 81845 , 2
716 , 74 , 87255 , 3
717 , 87 , 134127 , 1
718 , 38 , 133903 , 2
719 , 69 , 145217 , 3
720 , 64 , 24979 , 2
721 , 23 , 144593 , 4
722 , 45 , 118808 , 2
723 , 33 , 128365 , 2
724 , 4 , 139795 , 1
725 , 75 , 81568 , 3
726 , 5 , 102158 , 1
727 , 12 , 91094 , 1
728 , 43 , 145381 , 3
729 , 61 , 88194 , 4
730 , 98 , 73165 , 1
731 , 63 , 124796 , 4
732 , 14 , 90892 , 1
733 , 33 , 92124 , 4
734 , 66 , 111330 , 4
735 , 5 , 114713 , 1
736 , 45 , 42439 , 3
737 , 78 , 100473 , 1
738 , 26 , 128056 , 2
739 , 66 , 27655 , 1
740 , 71 , 45035 , 3
741 , 81 , 145042 , 3
742 , 78 , 20331 , 4
743 , 7 , 144927 , 3
744 , 93 , 38536 , 3
745 , 48 , 39649 , 4
746 , 5 , 149373 , 4
747 , 2 , 140888 , 2
748 , 45 , 66306 , 1
749 , 48 , 51039 , 3
750 , 96 , 143743 , 2
751 , 52 , 118925 , 2
752 , 92 , 77429 , 3
753 , 93 , 132527 , 4
754 , 64 , 147641 , 2
755 , 4 , 23773 , 3
756 , 62 , 143311 , 3
757 , 27 , 49183 , 1
758 , 42 , 5461 , 1
759 , 47 , 3219 , 3
760 , 92 , 42588 , 2
761 , 83 , 71316 , 1
762 , 39 , 136008 , 3
763 , 93 , 92118 , 3
764 , 19 , 96871 , 1
765 , 84 , 75998 , 2
766 , 8 , 8633 , 3
767 , 26 , 18199 , 1
768 , 32 , 26698 , 4
769 , 72 , 78408 , 2
770 , 23 , 99396 , 3
771 , 60 , 80571 , 4
772 , 32 , 53174 , 3
773 , 73 , 90267 , 2
774 , 59 , 72197 , 3
775 , 86 , 107011 , 4
776 , 67 , 72432 , 4
777 , 26 , 31558 , 1
778 , 48 , 93023 , 1
779 , 61 , 40483 , 4
780 , 32 , 16660 , 2
781 , 99 , 126866 , 2
782 , 21 , 132564 , 1
783 , 62 , 58719 , 4
784 , 2 , 141157 , 4
785 , 39 , 126568 , 3
786 , 78 , 63189 , 3
787 , 66 , 4105 , 2
788 , 51 , 96516 , 4
789 , 31 , 91577 , 1
790 , 95 , 97902 , 3
791 , 66 , 139888 , 2
792 , 5 , 40352 , 1
793 , 95 , 76047 , 4
794 , 85 , 28688 , 3
795 , 62 , 69804 , 4
796 , 15 , 67481 , 4
797 , 89 , 71527 , 1
798 , 89 , 79352 , 2
799 , 75 , 107986 , 2
800 , 61 , 51704 , 1
801 , 98 , 82151 , 1
802 , 16 , 86313 , 1
803 , 46 , 126845 , 3
804 , 48 , 24843 , 3
805 , 71 , 109541 , 1
806 , 92 , 104976 , 3
807 , 6 , 102271 , 4
808 , 25 , 30257 , 3
809 , 31 , 26326 , 4
810 , 4 , 131119 , 3
811 , 4 , 30036 , 3
812 , 11 , 12095 , 4
813 , 23 , 26211 , 3
814 , 13 , 80251 , 1
815 , 52 , 22805 , 3
816 , 67 , 29392 , 4
817 , 49 , 104611 , 1
818 , 77 , 73451 , 1
819 , 25 , 33075 , 3
820 , 37 , 117535 , 1
821 , 82 , 54707 , 3
822 , 28 , 52309 , 1
823 , 32 , 21847 , 3
824 , 22 , 48230 , 4
825 , 55 , 98136 , 4
826 , 57 , 7278 , 4
827 , 46 , 58542 , 1
828 , 85 , 95097 , 2
829 , 64 , 4443 , 3
830 , 26 , 120725 , 4
831 , 25 , 39474 , 1
832 , 24 , 139748 , 4
833 , 6 , 82026 , 2
834 , 21 , 86445 , 1
835 , 78 , 98843 , 2
836 , 60 , 64757 , 4
837 , 97 , 46999 , 1
838 , 85 , 105375 , 4
839 , 42 , 64162 , 4
840 , 45 , 44076 , 1
841 , 63 , 145366 , 1
842 , 33 , 135316 , 4
843 , 42 , 28058 , 2
844 , 85 , 92957 , 4
845 , 49 , 72979 , 1
846 , 27 , 70958 , 3
847 , 53 , 57939 , 4
848 , 58 , 105601 , 2
849 , 64 , 110951 , 4
850 , 68 , 99851 , 2
851 , 82 , 139965 , 2
852 , 87 , 123952 , 3
853 , 58 , 54458 , 4
854 , 49 , 133364 , 2
855 , 87 , 137487 , 2
856 , 35 , 119048 , 1
857 , 11 , 87333 , 4
858 , 90 , 110698 , 1
859 , 0 , 5447 , 1
860 , 17 , 116716 , 1
861 , 58 , 139962 , 1
862 , 86 , 122449 , 1
863 , 21 , 87262 , 2
864 , 14 , 85044 , 1
865 , 43 , 25542 , 4
866 , 46 , 70042 , 3
867 , 79 , 40449 , 2
868 , 61 , 125737 , 3
869 , 26 , 26382 , 2
870 , 21 , 101945 , 2
871 , 80 , 74296 , 3
872 , 33 , 95137 , 2
873 , 42 , 20558 , 4
874 , 3 , 21715 , 4
875 , 42 , 107059 , 1
876 , 63 , 80523 , 1
877 , 38 , 138716 , 3
878 , 40 , 77014 , 3
879 , 54 , 36215 , 2
880 , 15 , 84246 , 4
881 , 65 , 138322 , 4
882 , 14 , 34306 , 3
883 , 54 , 93346 , 4
884 , 28 , 121006 , 1
885 , 16 , 40403 , 1
886 , 62 , 135427 , 3
887 , 41 , 67836 , 3
888 , 46 , 131608 , 1
889 , 40 , 66686 , 1
890 , 44 , 48752 , 1
891 , 86 , 139452 , 2
892 , 67 , 93748 , 2
893 , 28 , 103107 , 2
894 , 80 , 1418 , 1
895 , 66 , 72844 , 4
896 , 35 , 1245 , 4
897 , 9 , 11580 , 2
898 , 53 , 47038 , 2
899 , 99 , 68157 , 2
900 , 36 , 59182 , 1
901 , 92 , 10255 , 3
902 , 63 , 127193 , 1
903 , 17 , 87699 , 2
904 , 95 , 88349 , 3
905 , 65 , 23487 , 2
906 , 46 , 100708 , 4
907 , 71 , 144316 , 2
908 , 1 , 115920 , 4
909 , 99 , 95840 , 4
910 , 35 , 80405 , 1
911 , 39 , 83527 , 1
912 , 56 , 115835 , 3
913 , 33 , 148005 , 2
914 , 35 , 111541 , 1
915 , 4 , 59348 , 1
916 , 51 , 142564 , 2
917 , 18 , 54017 , 1
918 , 27 , 40569 , 4
919 , 44 , 99609 , 2
920 , 54 , 136671 , 2
921 , 73 , 101757 , 4
922 , 90 , 19599 , 3
923 , 25 , 128613 , 4
924 , 40 , 107205 , 3
925 , 44 , 36259 , 1
926 , 95 , 85834 , 3
927 , 97 , 63003 , 1
928 , 50 , 59935 , 3
929 , 90 , 89462 , 4
930 , 16 , 14150 , 3
931 , 77 , 73580 , 3
932 , 49 , 111599 , 4
933 , 44 , 24656 , 2
934 , 63 , 135851 , 3
935 , 51 , 128090 , 4
936 , 37 , 70800 , 1
937 , 28 , 63159 , 3
938 , 64 , 66451 , 3
939 , 61 , 12735 , 4
940 , 83 , 34407 , 4
941 , 24 , 145234 , 2
942 , 18 , 147521 , 4
943 , 38 , 4442 , 2
944 , 0 , 60015 , 2
945 , 76 , 43368 , 2
946 , 52 , 6607 , 4
947 , 71 , 105467 , 1
948 , 27 , 139354 , 2
949 , 46 , 131102 , 2
950 , 53 , 25410 , 2
951 , 65 , 85546 , 4
952 , 96 , 6713 , 2
953 , 22 , 82415 , 1
954 , 41 , 27054 , 2
955 , 38 , 141794 , 2
956 , 21 , 76524 , 3
957 , 50 , 101829 , 1
958 , 44 , 131571 , 4
959 , 62 , 45172 , 4
960 , 53 , 9246 , 3
961 , 71 , 77012 , 2
962 , 41 , 90960 , 1
963 , 39 , 114590 , 4
964 , 33 , 8282 , 4
965 , 51 , 66533 , 4
966 , 21 , 132322 , 2
967 , 92 , 12696 , 3
968 , 14 , 105240 , 4
969 , 65 , 38102 , 3
970 , 12 , 44818 , 3
971 , 30 , 75890 , 1
972 , 29 , 139729 , 2
973 , 50 , 41894 , 3
974 , 95 , 5440 , 1
975 , 33 , 110423 , 2
976 , 82 , 135096 , 3
977 , 37 , 79853 , 1
978 , 40 , 31898 , 4
979 , 87 , 85164 , 4
980 , 92 , 12571 , 4
981 , 50 , 30663 , 3
982 , 16 , 42989 , 2
983 , 71 , 95923 , 1
984 , 17 , 86246 , 3
985 , 81 , 109162 , 4
986 , 93 , 58419 , 1
987 , 60 , 42238 , 2
988 , 68 , 67495 , 2
989 , 89 , 53849 , 4
990 , 87 , 101730 , 4
991 , 22 , 47577 , 4
992 , 97 , 133164 , 4
993 , 43 , 98163 , 3
994 , 31 , 4441 , 3
995 , 41 , 66777 , 1
996 , 30 , 108765 , 1
997 , 68 , 129892 , 4
998 , 6 , 111348 , 2
999 , 15 , 91471 , 4
1000 , 72 , 127270 , 1
